NAME : single
TYPE : ATSP
DIMENSION : 56
EDGE_WEIGHT_TYPE : EXPLICIT
EDGE_WEIGHT_FORMAT : FULL_MATRIX
EDGE_WEIGHT_SECTION
0 758 580 431 506 584 671 899 831 874 791 672 923 939 889 1004 1044 960 809 783 727 751 430 783 729 475 546 506 653 408 816 814 922 835 888 994 545 525 721 665 485 479 464 540 174 224 276 232 354 265 305 282 311 458 429 466 
0 0 257 512 419 382 274 214 154 142 208 294 258 282 276 246 373 348 303 307 125 286 298 328 274 348 361 340 448 441 291 433 326 323 278 304 179 252 273 236 354 343 306 400 458 522 606 503 640 556 385 629 542 457 524 442 
0 257 0 282 237 92 258 408 249 255 211 231 411 318 271 387 564 503 437 440 198 410 218 450 395 292 334 307 405 512 424 526 524 447 473 496 65 76 215 132 362 383 272 357 313 352 467 386 461 391 244 459 337 268 313 247 
0 512 282 0 86 229 238 628 409 426 344 301 617 498 440 539 822 741 638 635 436 575 372 627 569 454 499 456 644 544 644 716 730 640 679 649 291 291 349 249 431 428 414 510 241 295 340 283 401 256 290 342 256 282 265 161 
0 419 237 86 0 290 152 499 325 344 258 150 477 416 357 454 752 709 599 597 366 525 355 599 541 425 450 413 578 590 589 673 679 596 625 570 233 211 200 270 424 425 389 484 286 338 392 340 438 318 295 389 222 237 185 82 
0 382 92 229 290 0 288 398 232 257 195 178 383 325 270 365 649 626 541 540 212 516 293 562 506 369 418 388 552 611 535 670 565 561 512 473 154 79 226 103 448 405 348 436 334 382 442 403 535 394 321 459 318 208 265 208 
0 274 258 238 152 288 0 363 274 198 228 110 340 271 210 302 550 590 541 523 290 496 336 530 473 409 451 421 595 627 436 634 513 535 449 428 250 232 85 291 466 436 383 472 390 435 497 455 516 447 394 550 364 262 299 215 
0 214 408 628 499 398 363 0 207 174 292 424 270 294 264 166 250 273 279 264 236 263 437 321 295 551 559 566 637 635 210 439 194 237 213 164 392 453 388 355 478 513 457 579 617 638 701 687 858 707 635 891 709 600 696 612 
0 154 249 409 325 232 274 207 0 116 90 224 182 193 234 247 431 427 398 396 155 377 413 433 387 471 474 482 637 549 342 540 385 392 318 262 318 264 188 172 469 462 446 538 517 672 740 588 796 591 531 799 523 429 471 388 
0 142 255 426 344 257 198 174 116 0 118 267 286 289 249 131 398 395 365 361 152 341 420 399 354 439 452 439 582 525 299 508 347 355 279 231 313 280 215 193 447 443 427 489 564 644 731 633 761 646 547 788 534 452 489 407 
0 208 211 344 258 195 228 292 90 118 0 261 264 239 280 229 511 499 459 460 185 435 445 488 438 518 541 509 665 609 400 587 463 461 395 344 280 231 142 112 525 496 483 580 486 527 591 553 690 549 462 662 470 415 405 320 
0 294 231 301 150 178 110 424 224 267 261 0 399 325 263 367 620 669 614 599 286 571 392 611 555 466 512 481 668 694 504 726 581 562 516 484 260 257 195 197 506 498 440 531 415 464 522 475 553 492 447 566 397 288 301 225 
0 258 411 617 477 383 340 270 182 286 264 399 0 81 138 182 281 299 297 283 224 290 433 336 306 470 507 461 593 608 263 454 218 256 153 105 386 447 361 332 475 511 455 505 607 629 693 676 862 712 652 887 688 583 672 540 
0 282 318 498 416 325 271 294 193 289 239 325 81 0 61 158 354 363 348 339 192 326 424 385 347 472 475 467 579 586 271 500 296 322 229 158 357 347 285 266 506 462 453 516 623 656 767 695 857 690 617 864 612 524 561 480 
0 276 271 440 357 270 210 264 234 249 280 263 138 61 0 117 397 397 371 366 198 348 428 405 362 453 465 452 621 542 302 516 345 357 277 220 330 295 224 216 463 460 432 503 581 614 702 649 776 662 562 775 550 466 503 421 
0 246 387 539 454 365 302 166 247 131 229 367 182 158 117 0 416 436 429 418 283 408 504 468 432 555 561 552 677 662 346 584 356 396 293 288 447 398 354 302 583 580 536 601 699 779 866 769 942 721 698 940 655 561 601 518 
0 373 564 822 752 649 550 250 431 398 511 620 281 354 397 416 0 79 160 138 410 181 529 199 219 527 560 532 639 616 204 395 237 195 293 274 488 601 596 536 517 505 499 570 738 750 828 805 841 850 677 892 838 798 826 745 
0 348 503 741 709 626 590 273 427 395 499 669 299 363 397 436 79 0 138 72 400 121 448 127 149 452 481 463 607 545 184 271 202 160 271 316 428 557 675 570 448 431 429 502 678 681 748 734 782 775 570 760 767 730 750 700 
0 303 437 638 599 541 541 279 398 365 459 614 297 348 371 429 160 138 0 85 328 158 345 194 240 355 354 330 473 427 158 164 258 298 189 337 366 517 636 538 349 333 329 401 569 584 655 635 672 681 493 720 670 687 658 625 
0 307 440 635 597 540 523 264 396 361 460 599 283 339 366 418 138 72 85 0 362 72 365 108 154 366 373 353 514 450 137 180 255 212 275 317 373 505 532 521 371 361 351 421 590 604 703 658 771 702 482 712 642 678 676 634 
0 125 198 436 366 212 290 236 155 152 185 286 224 192 198 283 410 400 328 362 0 306 275 350 293 320 358 332 435 405 280 429 350 349 290 317 168 220 264 189 326 312 307 387 431 499 585 514 617 526 393 626 524 432 510 426 
0 286 410 575 525 516 496 263 377 341 435 571 290 326 348 408 181 121 158 72 306 0 355 60 82 329 354 313 472 408 112 248 183 140 252 320 312 427 504 510 329 323 309 395 581 570 638 614 673 666 472 705 607 610 628 574 
0 298 218 372 355 293 336 437 413 420 445 392 433 424 428 504 529 448 345 365 275 355 0 431 360 92 165 98 187 173 364 477 459 478 425 519 186 238 407 318 254 283 263 167 240 249 319 324 336 354 219 331 343 421 412 377 
0 328 450 627 599 562 530 321 433 399 488 611 336 385 405 468 199 127 194 108 350 60 431 0 54 374 332 338 432 432 163 285 214 115 223 377 421 573 631 528 353 364 331 395 603 572 644 637 759 685 506 732 671 742 669 637 
0 274 395 569 541 506 473 295 387 354 438 555 306 347 362 432 219 149 240 154 293 82 360 54 0 323 293 301 355 399 152 269 223 128 215 359 287 405 561 470 291 289 273 315 524 527 597 578 562 624 426 646 612 642 612 579 
0 348 292 454 425 369 409 551 471 439 518 466 470 472 453 555 527 452 355 366 320 329 92 374 323 0 117 31 223 101 433 497 541 487 471 550 229 360 479 390 205 268 288 181 317 267 309 332 280 402 277 305 466 604 548 568 
0 361 334 499 450 418 451 559 474 452 541 512 507 475 465 561 560 481 354 373 358 354 165 332 293 117 0 88 258 138 405 424 470 421 436 574 269 367 520 432 93 151 171 298 335 306 360 375 347 421 348 374 473 657 551 538 
0 340 307 456 413 388 421 566 482 439 509 481 461 467 452 552 532 463 330 353 332 313 98 338 301 31 88 0 252 107 395 467 504 449 450 538 242 334 491 403 177 239 259 210 321 286 340 354 308 400 296 352 458 656 542 523 
0 448 405 644 578 552 595 637 637 582 665 668 593 579 621 677 639 607 473 514 435 472 187 432 355 223 258 252 0 274 432 451 508 445 473 612 341 447 650 547 170 157 162 119 391 378 431 468 366 493 349 427 544 702 620 528 
0 441 512 544 590 611 627 635 549 525 609 694 608 586 542 662 616 545 427 450 405 408 173 432 399 101 138 107 274 0 525 611 589 534 522 630 346 450 618 526 104 166 186 283 206 156 210 223 277 277 306 273 355 490 434 421 
0 291 424 644 589 535 436 210 342 299 400 504 263 271 302 346 204 184 158 137 280 112 364 163 152 433 405 395 432 525 0 273 210 167 279 250 346 492 480 508 376 369 357 505 563 630 723 679 735 726 590 782 714 632 701 617 
0 433 526 716 673 670 634 439 540 508 587 726 454 500 516 584 395 271 164 180 429 248 477 285 269 497 424 467 451 611 273 0 339 230 338 494 516 650 738 632 474 463 446 496 735 682 753 752 831 798 638 863 778 855 773 743 
0 326 524 730 679 565 513 194 385 347 463 581 218 296 345 356 237 202 258 255 350 183 459 214 223 541 470 504 508 589 210 339 0 99 68 206 521 601 553 500 502 490 473 609 667 711 781 779 977 764 683 909 747 804 814 728 
0 323 447 640 596 561 535 237 392 355 461 562 256 322 357 396 195 160 298 212 349 140 478 115 128 487 421 449 445 534 167 230 99 0 117 277 430 551 541 548 425 425 399 499 655 638 709 705 784 743 601 823 681 741 696 636 
0 278 473 679 625 512 449 213 318 279 395 516 153 229 277 293 293 271 189 275 290 252 425 223 215 471 436 450 473 522 279 338 68 117 0 159 433 525 486 436 450 440 430 606 627 659 731 692 873 723 633 863 698 743 742 681 
0 304 496 649 570 473 428 164 262 231 344 484 105 158 220 288 274 316 337 317 317 320 519 377 359 550 574 538 612 630 250 494 206 277 159 0 484 542 443 422 557 546 536 747 699 719 783 768 977 788 764 984 779 675 712 633 
0 179 65 291 233 154 250 392 318 313 280 260 386 357 330 447 488 428 366 373 168 312 186 421 287 229 269 242 341 346 346 516 521 430 433 484 0 118 268 180 252 236 230 293 310 358 428 395 430 375 209 435 338 302 335 278 
0 252 76 291 211 79 232 453 264 280 231 257 447 347 295 398 601 557 517 505 220 427 238 573 405 360 367 334 447 450 492 650 601 551 525 542 118 0 201 126 378 343 343 381 274 321 382 345 462 339 267 387 272 193 238 172 
0 273 215 349 200 226 85 388 188 215 142 195 361 285 224 354 596 675 636 532 264 504 407 631 561 479 520 491 650 618 480 738 553 541 486 443 268 201 0 206 547 517 505 542 450 497 557 512 583 498 475 597 447 338 356 274 
0 236 132 249 270 103 291 355 172 193 112 197 332 266 216 302 536 570 538 521 189 510 318 528 470 390 432 403 547 526 508 632 500 548 436 422 180 126 206 0 428 417 394 454 378 422 485 444 502 437 369 473 358 263 299 216 
0 354 362 431 424 448 466 478 469 447 525 506 475 506 463 583 517 448 349 371 326 329 254 353 291 205 93 177 170 104 376 474 502 425 450 557 252 378 547 428 0 62 82 212 246 237 290 301 285 348 191 292 389 505 476 439 
0 343 383 428 425 405 436 513 462 443 496 498 511 462 460 580 505 431 333 361 312 323 283 364 289 268 151 239 157 166 369 463 490 425 440 546 236 343 517 417 62 0 20 149 287 246 298 319 348 365 274 295 449 597 520 531 
0 306 272 414 389 348 383 457 446 427 483 440 455 453 432 536 499 429 329 351 307 309 263 331 273 288 171 259 162 186 357 446 473 399 430 536 230 343 505 394 82 20 0 129 307 240 299 305 288 352 313 312 419 512 462 430 
0 400 357 510 484 436 472 579 538 489 580 531 505 516 503 601 570 502 401 421 387 395 167 395 315 181 298 210 119 283 505 496 609 499 606 747 293 381 542 454 212 149 129 0 319 272 296 339 281 380 344 316 456 640 536 522 
0 458 313 241 286 334 390 617 517 564 486 415 607 623 581 699 738 678 569 590 431 581 240 603 524 317 335 321 391 206 563 735 667 655 627 699 310 274 450 378 246 287 307 319 0 77 109 125 177 101 269 173 188 265 242 283 
0 522 352 295 338 382 435 638 672 644 527 464 629 656 614 779 750 681 584 604 499 570 249 572 527 267 306 286 378 156 630 682 711 638 659 719 358 321 497 422 237 246 240 272 77 0 90 65 254 121 253 250 193 324 296 321 
0 606 467 340 392 442 497 701 740 731 591 522 693 767 702 866 828 748 655 703 585 638 319 644 597 309 360 340 431 210 723 753 781 709 731 783 428 382 557 485 290 298 299 296 109 90 0 137 164 119 256 160 218 363 331 368 
0 503 386 283 340 403 455 687 588 633 553 475 676 695 649 769 805 734 635 658 514 614 324 637 578 332 375 354 468 223 679 752 779 705 692 768 395 345 512 444 301 319 305 339 125 65 137 0 297 62 213 298 157 309 271 312 
0 640 461 401 438 535 516 858 796 761 690 553 862 857 776 942 841 782 672 771 617 673 336 759 562 280 347 308 366 277 735 831 977 784 873 977 430 462 583 502 285 348 288 281 177 254 164 297 0 278 202 79 302 471 403 425 
0 556 391 256 318 394 447 707 591 646 549 492 712 690 662 721 850 775 681 702 526 666 354 685 624 402 421 400 493 277 726 798 764 743 723 788 375 339 498 437 348 365 352 380 101 121 119 62 278 0 246 274 109 269 226 279 
0 385 244 290 295 321 394 635 531 547 462 447 652 617 562 698 677 570 493 482 393 472 219 506 426 277 348 296 349 306 590 638 683 601 633 764 209 267 475 369 191 274 313 344 269 253 256 213 202 246 0 192 260 344 319 305 
0 629 459 342 389 459 550 891 799 788 662 566 887 864 775 940 892 760 720 712 626 705 331 732 646 305 374 352 427 273 782 863 909 823 863 984 435 387 597 473 292 295 312 316 173 250 160 298 79 274 192 0 238 426 336 368 
0 542 337 256 222 318 364 709 523 534 470 397 688 612 550 655 838 767 670 642 524 607 343 671 612 466 473 458 544 355 714 778 747 681 698 779 338 272 447 358 389 449 419 456 188 193 218 157 302 109 260 238 0 168 116 175 
0 457 268 282 237 208 262 600 429 452 415 288 583 524 466 561 798 730 687 678 432 610 421 742 642 604 657 656 702 490 632 855 804 741 743 675 302 193 338 263 505 597 512 640 265 324 363 309 471 269 344 426 168 0 83 155 
0 524 313 265 185 265 299 696 471 489 405 301 672 561 503 601 826 750 658 676 510 628 412 669 612 548 551 542 620 434 701 773 814 696 742 712 335 238 356 299 476 520 462 536 242 296 331 271 403 226 319 336 116 83 0 103 
0 442 247 161 82 208 215 612 388 407 320 225 540 480 421 518 745 700 625 634 426 574 377 637 579 568 538 523 528 421 617 743 728 636 681 633 278 172 274 216 439 531 430 522 283 321 368 312 425 279 305 368 175 155 103 0 
EOF