NAME : single
TYPE : ATSP
DIMENSION : 15
EDGE_WEIGHT_TYPE : EXPLICIT
EDGE_WEIGHT_FORMAT : FULL_MATRIX
EDGE_WEIGHT_SECTION
0 1259 1255 1049 930 1091 802 1241 855 1020 827 595 590 277 486 
0 0 124 518 593 379 515 246 542 647 543 714 769 957 689 
0 124 0 646 686 521 634 139 658 736 655 919 836 1029 766 
0 518 646 0 177 162 217 569 241 183 225 495 500 852 669 
0 593 686 177 0 237 106 627 214 259 91 349 360 738 521 
0 379 521 162 237 0 198 422 231 286 221 446 450 778 600 
0 515 634 217 106 198 0 542 224 269 43 255 259 509 422 
0 246 139 569 627 422 542 0 566 689 569 833 806 973 704 
0 542 658 241 214 231 224 566 0 200 267 227 231 482 408 
0 647 736 183 259 286 269 689 200 0 287 395 403 730 617 
0 543 655 225 91 221 43 569 267 287 0 238 243 495 420 
0 714 919 495 349 446 255 833 227 395 238 0 77 265 250 
0 769 836 500 360 450 259 806 231 403 243 77 0 253 222 
0 957 1029 852 738 778 509 973 482 730 495 265 253 0 307 
0 689 766 669 521 600 422 704 408 617 420 250 222 307 0 
EOF